101
800 [ 0.81501976  0.81746032  0.81984127  0.81160572  0.79077168][*]
600 [ 0.81027668  0.81984127  0.81904762  0.80922099  0.79395386]
400 [ 0.80711462  0.81507937  0.81507937  0.80206677  0.78838504]



152
900[ 0.81196581  0.83071429  0.80642857  0.80629021  0.80887616]

800[ 0.81339031  0.83214286  0.80857143  0.8084346   0.8103078 ]

700[ 0.81623932  0.83142857  0.80571429  0.8084346   0.80386543]

600[ 0.81837607  0.82714286  0.81285714  0.80914939  0.8067287 ][*]

500[ 0.80270655  0.82928571  0.80714286  0.80914939  0.79455977]

inception v3

900[ 0.77136752  0.76        0.765       0.75411008  0.74946314]

800[ 0.77492877  0.76357143  0.75642857  0.74267334  0.75518969]  

700[ 0.76994302  0.76571429  0.76071429  0.75268049  0.76091625][*]

600[ 0.77279202  0.76214286  0.75928571  0.74839171  0.7480315 ]

400[ 0.76780627  0.74        0.74714286  0.74195854  0.75232641]

152-rot


2000 
('training accuracy is', 1.0)
('validation accuracy is', 0.76671428571428568)
1500
('training accuracy is', 1.0)
('validation accuracy is', 0.7658571428571429)
1000
('training accuracy is', 0.99971428571428567)
('validation accuracy is', 0.76371428571428568)
600
('training accuracy is', 0.97799999999999998)
('validation accuracy is', 0.75328571428571434)